1165779017.000000 1165779029.000000
1165779029.000061 1165779041.000061
1165779041.000122 1165779053.000122
1165779053.000183 1165779065.000183
1165779065.000244 1165779077.000244
1165779077.000305 1165779089.000305
1165779089.000366 1165779101.000366
1165779101.000427 1165779113.000427
1165779113.000488 1165779125.000488
1165779125.000549 1165779137.000549
1165779137.000610 1165779149.000610
1165779149.000671 1165779161.000671
1165779161.000732 1165779173.000732
1165779173.000793 1165779185.000793
1165779185.000854 1165779197.000854
1165779197.000916 1165779209.000916
1165779209.000977 1165779221.000977
1165779221.001038 1165779233.001038
1165779233.001099 1165779245.001099
1165779245.001160 1165779257.001160
1165779257.001221 1165779269.001221
1165779269.001282 1165779281.001282
1165779281.001343 1165779293.001343
1165779293.001404 1165779305.001404
1165779305.001465 1165779317.001465
1165779317.001526 1165779329.001526
1165779329.001587 1165779341.001587
1165779341.001648 1165779353.001648
1165779353.001709 1165779365.001709
1165779365.001770 1165779377.001770
1165779377.001831 1165779389.001831
1165779389.001892 1165779401.001892
1165779401.001953 1165779413.001953
1165779413.002014 1165779425.002014
1165779425.002075 1165779437.002075
1165779437.002136 1165779449.002136
1165779449.002197 1165779461.002197
1165779461.002258 1165779473.002258
1165779473.002319 1165779485.002319
1165779485.002380 1165779497.002380
1165779497.002441 1165779509.002441
1165779509.002502 1165779521.002502
1165779521.002563 1165779533.002563
1165779533.002625 1165779545.002625
1165779545.002686 1165779557.002686
1165779557.002747 1165779569.002747
1165779569.002808 1165779581.002808
1165779581.002869 1165779593.002869
1165779593.002930 1165779605.002930
1165779605.002991 1165779617.002991
1165779617.003052 1165779629.003052
1165779629.003113 1165779641.003113
1165779641.003174 1165779653.003174
1165779653.003235 1165779665.003235
1165779665.003296 1165779677.003296
1165779677.003357 1165779689.003357
1165779689.003418 1165779701.003418
1165779701.003479 1165779713.003479
1165779713.003540 1165779725.003540
1165779725.003601 1165779737.003601
1165779737.003662 1165779749.003662
1165779749.003723 1165779761.003723
1165779761.003784 1165779773.003784
1165779773.003845 1165779785.003845
1165779785.003906 1165779797.003906
1165779797.003967 1165779809.003967
1165779809.004028 1165779821.004028
1165779821.004089 1165779833.004089
1165779833.004150 1165779845.004150
1165779845.004211 1165779857.004211
1165779857.004272 1165779869.004272
1165779869.004333 1165779881.004333
1165779881.004395 1165779893.004395
1165779893.004456 1165779905.004456
1165779905.004517 1165779917.004517
1165779917.004578 1165779929.004578
1165779929.004639 1165779941.004639
1165779941.004700 1165779953.004700
1165779953.004761 1165779965.004761
1165779965.004822 1165779977.004822
1165779977.004883 1165779989.004883
1165779989.004944 1165780001.004944
1165780001.005005 1165780013.005005
1165780013.005066 1165780017.000000